        catident_correct_rate_percept                                                                      
feature                        layer1    layer2    layer3    layer4    layer5    layer6    layer7    layer8
roi                                                                                                        
FFA                          0.516735  0.523878  0.523673  0.500204  0.486327  0.497143  0.483265  0.524490
HVC                          0.462449  0.491020  0.437755  0.505306  0.482449  0.505102  0.531020  0.526327
LOC                          0.444082  0.506939  0.400204  0.474694  0.512245  0.492857  0.485714  0.509796
LVC                          0.474286  0.505714  0.531429  0.522857  0.493469  0.508163  0.450612  0.514286
PPA                          0.473673  0.433265  0.464490  0.550816  0.509184  0.491020  0.537959  0.518571
V1                           0.526122  0.476122  0.454694  0.478776  0.505918  0.474286  0.521837  0.440000
V2                           0.527551  0.470816  0.477347  0.542653  0.509592  0.488980  0.503673  0.465714
V3                           0.509184  0.472857  0.471429  0.472245  0.479388  0.523469  0.499796  0.505510
V4                           0.422653  0.516531  0.514898  0.458367  0.551837  0.528163  0.487959  0.522857
VC                           0.485918  0.478163  0.478163  0.487551  0.531633  0.503265  0.456531  0.496327
        catident_correct_rate_imagery                                                                      
feature                        layer1    layer2    layer3    layer4    layer5    layer6    layer7    layer8
roi                                                                                                        
FFA                          0.524490  0.518163  0.513265  0.482245  0.485510  0.494694  0.503061  0.490000
HVC                          0.484082  0.486327  0.508980  0.505714  0.544694  0.504898  0.475714  0.437959
LOC                          0.490204  0.496327  0.545510  0.531633  0.488980  0.501020  0.478776  0.513469
LVC                          0.518367  0.471429  0.498980  0.521837  0.524694  0.507959  0.497143  0.487551
PPA                          0.497347  0.500408  0.505918  0.492449  0.519388  0.542041  0.518571  0.463265
V1                           0.513265  0.505102  0.467347  0.478163  0.506531  0.499184  0.485918  0.461633
V2                           0.473061  0.478776  0.488367  0.514082  0.484490  0.476327  0.526122  0.508776
V3                           0.496327  0.540612  0.496939  0.497551  0.494898  0.473265  0.488163  0.531633
V4                           0.481837  0.505102  0.517755  0.485918  0.529796  0.478776  0.493265  0.495918
VC                           0.461020  0.496939  0.501837  0.523878  0.519592  0.479796  0.518776  0.481837
