catident_correct_rate_percept                                                                      
feature                        layer1    layer2    layer3    layer4    layer5    layer6    layer7    layer8
roi                                                                                                        
FFA                          0.521837  0.505306  0.459388  0.463878  0.509184  0.505306  0.533265  0.516531
HVC                          0.471020  0.496122  0.524286  0.478367  0.467347  0.500204  0.471633  0.485510
LOC                          0.509796  0.517755  0.477959  0.495918  0.515306  0.488367  0.538163  0.477143
LVC                          0.500816  0.494082  0.452653  0.526122  0.479796  0.481020  0.488367  0.495918
PPA                          0.531429  0.518776  0.536531  0.474898  0.470204  0.505510  0.487143  0.504898
V1                           0.515918  0.468367  0.444694  0.503265  0.505714  0.478980  0.501429  0.495102
V2                           0.517551  0.505102  0.507347  0.572857  0.510204  0.484082  0.453265  0.482653
V3                           0.498163  0.430204  0.505918  0.523061  0.495102  0.506939  0.528776  0.548571
V4                           0.462857  0.480612  0.492449  0.467143  0.512653  0.454286  0.517755  0.524898
VC                           0.474490  0.494286  0.521633  0.509796  0.504490  0.532449  0.487347  0.507959
        catident_correct_rate_imagery                                                                      
feature                        layer1    layer2    layer3    layer4    layer5    layer6    layer7    layer8
roi                                                                                                        
FFA                          0.527551  0.502857  0.507755  0.533265  0.526122  0.481633  0.537755  0.488571
HVC                          0.506939  0.503673  0.486939  0.474082  0.529592  0.521837  0.455714  0.501224
LOC                          0.526531  0.492449  0.501224  0.483061  0.484490  0.520408  0.545102  0.497347
LVC                          0.485714  0.502041  0.516939  0.547959  0.462041  0.488980  0.511224  0.516327
PPA                          0.465714  0.504082  0.485306  0.487347  0.520408  0.527959  0.526327  0.463878
V1                           0.496531  0.491837  0.521224  0.516735  0.489592  0.507755  0.484286  0.512245
V2                           0.503469  0.516327  0.503673  0.548776  0.498776  0.485510  0.496735  0.509796
V3                           0.486122  0.470000  0.484898  0.536939  0.495102  0.503673  0.484694  0.497551
V4                           0.506735  0.507959  0.501429  0.514286  0.505714  0.516327  0.495918  0.490204
VC                           0.493878  0.483265  0.481224  0.503061  0.480408  0.494286  0.491429  0.488163

