catident_correct_rate_percept
feature                        layer1    layer2    layer3    layer4    layer5    layer6    layer7    layer8
roi                                                                                                        
FFA                          0.605388  0.593306  0.663510  0.623673  0.614857  0.615102  0.623429  0.641878
HVC                          0.634694  0.641714  0.606041  0.626531  0.602041  0.619673  0.596163  0.645878
LOC                          0.651429  0.632082  0.613388  0.590939  0.653796  0.632163  0.609061  0.645959
LVC                          0.626694  0.633878  0.632898  0.641714  0.623184  0.604082  0.623020  0.633224
PPA                          0.617796  0.597959  0.613714  0.644163  0.609143  0.616082  0.665633  0.630857
V1                           0.624735  0.617551  0.600653  0.585306  0.640245  0.641143  0.597959  0.624898
V2                           0.636163  0.617469  0.587837  0.612408  0.644735  0.618204  0.576898  0.647347
V3                           0.597306  0.641306  0.604163  0.607020  0.629959  0.569714  0.631837  0.650694
V4                           0.625633  0.631265  0.640571  0.622857  0.621143  0.619918  0.633714  0.632898
VC                           0.643755  0.630204  0.598286  0.650776  0.621306  0.627347  0.636408  0.623755
        catident_correct_rate_imagery                                                                      
feature                        layer1    layer2    layer3    layer4    layer5    layer6    layer7    layer8
roi                                                                                                        
FFA                          0.634122  0.633796  0.627184  0.637714  0.628408  0.625388  0.620490  0.625796
HVC                          0.620571  0.613551  0.640735  0.617878  0.627755  0.609388  0.630612  0.620980
LOC                          0.641551  0.597061  0.639020  0.616490  0.613143  0.581224  0.638939  0.637959
LVC                          0.620571  0.641388  0.607673  0.609469  0.648408  0.637714  0.615102  0.643102
PPA                          0.629714  0.617306  0.634939  0.627020  0.616327  0.603184  0.622531  0.598776
V1                           0.617469  0.624327  0.612735  0.638531  0.603429  0.630367  0.656490  0.618367
V2                           0.622041  0.636980  0.599837  0.639673  0.630449  0.619020  0.600408  0.636653
V3                           0.650122  0.622857  0.629469  0.607429  0.632980  0.657633  0.636571  0.634857
V4                           0.627510  0.629551  0.631837  0.641551  0.639429  0.624490  0.631429  0.637714
VC                           0.631102  0.626204  0.634204  0.622776  0.615592  0.635510  0.646694  0.672816
